199,3
199,2
199,1
198,9
198,8
198,1
179,10
179,1
176,7
176,6
176,1
175,7
175,6
175,1
174,7
174,6
174,1
173,7
173,6
173,1
160,7
160,6
160,1
157,7
157,6
157,1
156,7
156,6
156,1
155,7
155,6
155,1
154,7
154,6
154,1
153,7
153,6
153,1
151,7
151,6
151,1
150,7
150,6
150,1
149,7
149,6
149,1
148,7
148,6
148,1
146,7
146,6
146,1
145,7
145,6
145,5
145,4
145,3
145,1
123,6
123,5
123,3
123,1
121,8
121,7
121,1
117,8
117,7
117,1
113,7
113,6
113,1
112,7
112,6
112,1
104,7
104,6
104,1
103,7
103,6
103,1
99,8
99,7
99,1
98,7
98,6
98,1
97,7
97,6
97,1
87,16
87,15
87,14
87,13
87,12
87,11
87,10
87,9
87,7
87,1
79,9
79,8
79,7
79,6
79,1
79,5
77,5
77,1
51,6
51,1
49,6
49,5
49,1
47,5
47,1
43,4
43,1
41,6
41,5
41,1
40,6
40,1
38,7
38,6
38,1
37,7
37,6
37,1
30,7
30,6
30,1
20,2
20,3
20,1
14,22
14,21
14,20
14,19
14,18
19,2
19,1
14,17
19,3
14,16
14,8
18,1
14,7
12,3
12,2
18,3
14,1
12,1
11,3
